1 R
R
N
N
0
9820
1 N
N
0
9822
1 0
9821
1 0
9819
0 0
9633
1 0
9821
1 N
N
0
9822
1 R
R
N
N
0
9820
1 0
9823
1 0
9823
1 0
9823
1 0
9823
1 0
9823
0 0
9633
1 0
9823
1 0
9823
0 0
0
0 0
0
0 0
0
0 0
0
0 0
9633
0 0
0
0 0
0
0 0
0
0 0
0
0 0
0
0 0
0
0 0
0
0 0
9632
0 0
0
0 0
0
2 0
9813
0 0
0
0 0
0
0 0
0
0 0
0
0 0
9633
0 0
0
0 0
0
0 0
0
0 0
0
0 0
0
2 N
0
9816
0 0
0
0 0
9632
0 0
0
0 0
0
0 0
0
2 0
9817
2 0
9817
2 0
9817
2 0
9817
0 0
9633
2 0
9817
2 0
9817
2 0
9817
0 0
9632
2 R
N
N
0
9814
2 0
9815
2 0
9813
2 0
9812
2 0
9815
2 N
0
9816
2 R
N
N
0
9814
